COUPLING STRENGTH:

S_list=[0,5,10,20,30,40,50,60,70,80]

S_list2=[5,10,20,30,40,50,60,70,80]

O1_list=[1.0, 0.9422579812534063, 0.8450257254771981, 0.7171568355541548,0.6541255295210154,0.6186723060944851,
0.5962513011062373,0.5808668974300958,0.5696800081130626,0.5611889181926547]

O2_list=[0.,
0.05739276,
0.15418152,
0.28185773,
0.34502328,
0.38063376,
0.40318416,
0.41866923,
0.42993376,
0.43848535]

O3_list=[0.,
0.00034926,
0.00079276,
0.00098543,
0.00085119,
0.00069394,
0.00056454,
0.00046387,
0.00038623,
0.00032573]

E_comp=[0.14612083957991295,
0.36176717566890915,
0.5461881755727234,
0.5617904239075528,
0.5328591755892376,
0.4946463451308887,
0.45695729090653003,
0.42256358097051816,
0.3919445086023643]

E_ref=[13.197833890657938,
45.91842466473697,
135.7909280568651,
236.84831108020836,
341.74407318761274,
448.36011188939875,
555.8839136253977,
663.9408540828991,
772.3353193307411]

RANGE PARAMETER

b_list2=[0.01,
0.5,
1,
1.5,
2,
2.5,
3,
3.5,
4,
4.5,
5]

O1_list=[1.0,
0.9999230283574027,
0.9953204056078602,
0.9628329807556097,
0.884990937736497,
0.792695963613122,
0.7171568355541548,
0.6626055559832998,
0.6234980667990977,
0.5943979328423897,
0.57161569236384]

O2_list=[3.13110359e-18,
7.69716426e-05,
0.00467959,
0.03716427,
0.11496015,
0.20700656,
0.28185773,
0.33509027,
0.37214871,
0.39842988,
0.41762729]

O3_list=[2.34869377e-36,
3.44040641e-14,
5.73830704e-15,
2.75025487e-06,
4.89087126e-05,
0.00029748,
0.00098543,
0.00230417,
0.00435322,
0.00717219,
0.01075702]

E_comp=[
5.996334677586171e-15,
3.65242411315414e-09,
3.244542976510445e-07,
0.0019022750765387286,
0.02853257061097736,
0.16356242720888758,
0.5461881755727234,
1.3371022939953718,
2.7037224808004794,
4.822952185345116,
7.878761551927312
]

E_ref=[4.2238628475940325e-14,
0.09947569353314886,
2.4847301090886273,
13.982576693775812,
41.10303429259527,
83.28266874899339,
135.7909280568651,
195.0946948123509,
259.5593070601055,
328.57848298116187,
401.9796022748209]

RANGE EXTREME

b_list2=[5,
6,
7,
8,
9,
10,
]

O1_list=[0.57161569236384,
0.5367068729699936,
0.5086851554053494,
0.48387830845857327,
0.4603325354332258,
0.43677432111402753,
]

O2_list=[0.41762729,
0.44322581,
0.45920016,
0.46992398,
0.4775358,
0.48312205,
]

O3_list=[0.01075702,
0.02006731,
0.03211468,
0.04619771,
0.06213166,
0.08010363,]

E_comp=[7.878761551927312,
17.549889288214217,
33.40076142443036,
56.971384182883526,
90.16189604040528,
135.30861153955198,
]

E_ref=[401.9796022748209,
561.9811458185458,
740.2943716986848,
937.7779407982505,
1155.7385367697786,
1395.9820021642547,
]